function files = readFilesList79 () 
files = [
'p0079\c0_p0079_s01.wav',
'p0079\c0_p0079_s02.wav',
'p0079\c0_p0079_s03.wav',
'p0079\c0_p0079_s04.wav',
'p0079\c0_p0079_s05.wav',
'p0079\c1_p0079_s01.wav',
'p0079\c1_p0079_s02.wav',
'p0079\c1_p0079_s03.wav',
'p0079\c1_p0079_s04.wav',
'p0079\c1_p0079_s05.wav',
'p0079\c2_p0079_s01.wav',
'p0079\c2_p0079_s02.wav',
'p0079\c2_p0079_s03.wav',
'p0079\c2_p0079_s04.wav',
'p0079\c2_p0079_s05.wav',
'p0079\c3_p0079_s01.wav',
'p0079\c3_p0079_s02.wav',
'p0079\c3_p0079_s03.wav',
'p0079\c3_p0079_s04.wav',
'p0079\c3_p0079_s05.wav',
'p0079\c4_p0079_s01.wav',
'p0079\c4_p0079_s02.wav',
'p0079\c4_p0079_s03.wav',
'p0079\c4_p0079_s04.wav',
'p0079\c4_p0079_s05.wav',
'p0079\c5_p0079_s01.wav',
'p0079\c5_p0079_s02.wav',
'p0079\c5_p0079_s03.wav',
'p0079\c5_p0079_s04.wav',
'p0079\c5_p0079_s05.wav',
'p0079\c6_p0079_s01.wav',
'p0079\c6_p0079_s02.wav',
'p0079\c6_p0079_s03.wav',
'p0079\c6_p0079_s04.wav',
'p0079\c6_p0079_s05.wav',
'p0079\c7_p0079_s01.wav',
'p0079\c7_p0079_s02.wav',
'p0079\c7_p0079_s03.wav',
'p0079\c7_p0079_s04.wav',
'p0079\c7_p0079_s05.wav',
'p0079\c8_p0079_s01.wav',
'p0079\c8_p0079_s02.wav',
'p0079\c8_p0079_s03.wav',
'p0079\c8_p0079_s04.wav',
'p0079\c8_p0079_s05.wav',
'p0079\c9_p0079_s01.wav',
'p0079\c9_p0079_s02.wav',
'p0079\c9_p0079_s03.wav',
'p0079\c9_p0079_s04.wav',
'p0079\c9_p0079_s05.wav',
];